Graph with 100 nodes and 307 edges.  Source is node 15.
100 15
1 80 25
80 83 11
83 91 14
91 17 31
17 71 16
71 67 18
67 91 18
67 40 11
40 69 26
69 89 5
89 18 15
18 69 16
18 60 58
60 92 18
92 76 17
76 99 56
99 96 12
96 77 20
77 99 32
77 61 28
61 96 22
61 99 28
61 52 10
52 99 35
52 85 26
85 52 26
85 76 8
85 24 15
24 52 21
24 51 18
51 92 12
51 75 10
75 2 12
2 88 6
88 42 15
42 86 17
86 0 13
0 50 26
50 86 30
50 82 21
82 50 21
82 33 14
33 82 14
33 68 21
68 87 9
87 34 22
34 45 12
45 35 9
35 57 77
57 62 4
62 56 2
56 84 42
84 81 12
81 25 10
25 84 4
25 65 11
65 93 33
93 22 26
22 70 15
70 23 16
23 33 6
23 82 15
82 23 15
23 22 24
23 11 21
11 82 8
11 80 12
11 59 21
59 11 21
59 44 12
44 72 9
72 78 18
78 65 27
78 41 2
41 95 17
95 48 7
48 37 5
37 98 16
98 64 1
64 79 8
79 64 8
79 47 14
47 64 14
47 63 26
63 36 11
36 95 25
36 48 21
36 46 17
46 81 76
81 46 76
46 63 17
46 8 15
8 63 19
8 13 15
13 63 28
13 15 29
15 94 40
94 58 15
58 97 4
97 29 32
29 58 36
29 54 7
54 90 26
90 97 10
90 28 14
28 90 14
28 66 6
66 71 7
66 12 12
12 71 14
12 90 19
12 19 17
19 90 7
19 58 9
19 97 8
19 73 11
73 94 7
94 73 7
73 58 8
73 10 27
10 94 26
10 53 5
53 83 35
53 79 36
53 32 43
32 79 44
32 47 38
32 6 5
6 13 17
6 15 13
32 15 12
32 63 38
32 13 22
13 32 22
53 15 45
53 17 17
53 91 34
10 17 13
10 12 17
10 15 46
73 12 23
12 17 5
12 28 16
28 71 12
28 54 28
28 40 23
28 69 30
90 29 29
29 90 29
54 18 18
54 69 27
54 49 10
49 18 21
49 4 2
4 49 2
4 29 5
4 58 41
4 15 96
49 29 7
58 15 55
46 56 128
36 81 60
81 36 60
36 41 39
63 48 24
47 98 14
47 37 14
37 47 14
47 48 18
79 83 36
79 1 18
64 30 6
30 64 6
30 98 5
30 78 29
30 44 22
30 95 21
30 37 15
30 1 14
1 30 14
30 59 17
64 1 14
37 95 9
95 78 19
41 81 25
78 44 23
78 81 25
78 25 27
72 65 20
72 22 19
44 22 21
59 1 9
59 22 29
11 31 17
31 0 5
31 83 11
31 80 7
31 50 27
31 82 20
11 22 33
11 1 24
70 93 19
70 87 38
70 9 35
9 70 35
9 93 29
9 35 18
9 20 20
20 57 40
20 39 10
39 93 9
93 39 9
39 16 20
16 65 34
16 62 22
16 57 23
16 93 22
16 20 24
16 56 24
16 84 33
39 9 24
20 35 37
9 14 9
14 87 28
14 45 1
14 34 13
9 87 34
9 45 10
70 33 22
22 65 22
65 84 13
81 56 52
56 57 6
57 77 114
35 3 17
3 34 12
3 26 1
26 77 18
26 55 32
55 87 27
55 52 15
55 7 31
7 68 8
7 50 7
7 33 20
33 7 20
7 24 39
55 77 30
55 68 28
55 24 31
55 61 14
26 34 14
26 87 30
3 77 20
35 34 10
35 77 36
87 33 26
33 87 26
33 50 18
50 27 41
27 51 2
27 42 14
27 75 11
27 24 17
50 24 41
50 42 38
0 83 13
0 91 18
0 38 11
38 86 3
38 91 13
86 91 16
86 67 23
42 75 13
75 42 13
42 67 24
88 5 12
5 67 15
5 21 6
21 40 4
21 69 26
21 67 11
5 43 18
43 74 2
74 89 17
74 60 26
74 69 19
43 69 20
43 60 25
43 2 15
5 2 13
5 69 26
69 5 26
88 67 21
88 75 9
75 88 9
2 60 23
75 60 24
75 92 18
24 92 17
85 99 52
85 92 15
76 60 24
60 89 43
40 71 16
71 91 28
83 1 29
