Graph with 50 nodes and 151 edges.  Source is node 22.
50 22
1 44 37
44 43 23
43 6 41
6 45 14
45 39 21
39 13 13
13 45 17
13 19 24
19 16 31
16 37 16
37 33 13
33 0 56
0 41 10
41 10 14
10 0 23
10 33 45
10 20 11
20 32 25
32 9 18
9 41 18
9 40 17
40 41 7
40 0 11
40 35 16
35 0 16
0 35 16
35 24 2
24 42 102
42 4 32
4 46 141
46 2 76
2 49 65
49 21 2
21 5 23
5 49 24
5 18 27
18 21 8
18 15 27
15 43 17
15 3 5
3 15 5
3 12 23
12 3 23
12 48 60
48 47 10
47 8 120
8 28 132
28 47 11
28 31 144
31 11 51
11 32 42
11 29 29
29 36 18
36 25 16
25 17 40
17 48 6
17 36 48
17 28 17
17 47 8
17 29 58
25 1 28
25 48 41
48 25 41
25 7 32
7 44 10
7 48 42
7 12 30
7 3 26
3 7 26
25 44 33
36 26 24
26 38 12
38 1 14
38 22 22
22 32 11
22 1 28
22 6 29
22 26 28
22 20 31
38 36 27
36 38 27
26 11 25
26 29 26
26 32 33
36 1 31
29 28 64
11 27 43
27 14 9
14 24 27
24 14 27
14 40 33
14 9 34
14 31 9
27 9 34
27 31 9
27 32 45
11 28 93
31 24 28
8 18 31
8 12 50
8 5 19
8 46 33
47 12 70
12 18 40
3 18 31
18 3 31
3 44 20
3 43 19
15 49 34
18 49 10
5 2 74
5 46 21
49 30 39
30 45 32
30 39 22
30 2 42
30 43 45
43 30 45
49 43 43
2 34 49
34 39 44
34 42 24
34 16 16
34 23 20
23 42 10
23 4 23
34 4 38
34 37 24
2 39 48
2 4 65
42 0 84
42 33 28
42 37 15
37 42 15
24 0 18
24 40 18
9 20 21
9 10 21
20 6 36
20 19 24
10 19 29
33 16 20
33 19 32
16 13 38
16 39 40
19 6 34
13 6 24
45 43 37
43 45 37
6 1 34
43 1 38
