Balaji Raghavachari
Graph with 50 nodes and 151 edges.  Source is node 22.
0 57  40
1 28  22
2 167  30
3 141  7
4 149  42
5 203  21
6 29  22
7 115  25
8 249  47
9 29  32
10 50  9
11 53  26
12 145  7
13 77  39
14 91  24
15 146  3
16 86  19
17 123  25
18 172  3
19 55  20
20 31  22
21 180  18
22 0  -
23 236  34
24 64  35
25 83  36
26 28  22
27 96  11
28 118  29
29 54  26
30 125  43
31 100  14
32 11  22
33 95  10
34 216  2
35 62  40
36 67  38
37 102  16
38 40  26
39 64  45
40 46  9
41 47  9
42 117  37
43 80  45
44 65  1
45 43  6
46 224  5
47 129  28
48 124  25
49 180  15
