Balaji Raghavachari
Graph with 100 nodes and 307 edges.  Source is node 15.
0 189  31
1 133  79
2 155  5
3 257  35
4 110  49
5 142  69
6 127  32
7 209  33
8 198  46
9 222  70
10 74  73
11 167  59
12 70  73
13 144  32
14 231  9
15 0  -
16 235  39
17 75  12
18 116  54
19 87  12
20 242  9
21 148  5
22 172  44
23 190  82
24 237  50
25 185  78
26 258  3
27 237  50
28 86  12
29 91  97
30 129  64
31 184  11
32 122  53
33 189  82
34 237  87
35 240  9
36 166  63
37 143  47
38 200  0
39 215  93
40 109  28
41 160  78
42 176  88
43 160  5
44 151  30
45 232  9
46 183  36
47 129  79
48 147  47
49 108  54
50 196  82
51 239  27
52 258  24
53 79  10
54 98  29
55 290  26
56 235  81
57 241  56
58 55  94
59 146  30
60 174  18
61 304  77
62 245  57
63 155  47
64 123  79
65 180  72
66 92  28
67 102  71
68 210  33
69 116  28
70 187  22
71 84  12
72 160  44
73 47  94
74 162  43
75 170  88
76 205  92
77 276  35
78 158  30
79 115  53
80 158  1
81 183  78
82 175  11
83 114  53
84 189  25
85 284  52
86 193  42
87 215  33
88 161  2
89 121  69
90 89  12
91 112  71
92 188  75
93 206  70
94 40  15
95 150  30
96 273  99
97 59  58
98 134  30
99 261  76
