pert.100.150.txt: 100 nodes, 150 edges
100
2 20 17 14 2 15 8 3 17 4 8 5 1 4 14 12 16 3 15 20 19 6 19 18 5 19 6 3 20 8 9 11 11 19 18 12 11 3 3 10 15 13 2 15 16 6 7 20 11 12 14 10 8 13 11 11 12 3 12 2 13 10 2 18 12 8 16 7 17 2 10 7 12 9 2 3 13 8 1 18 9 5 20 4 15 8 1 20 6 20 6 17 1 1 6 18 20 18 8 20 
2 10
2 58
3 68
3 83
4 17
5 7
5 52
5 88
6 9
6 23
6 93
8 91
8 94
9 19
9 28
10 8
10 31
10 53
11 54
12 31
13 51
14 65
15 47
15 81
18 9
18 94
19 76
21 17
21 84
23 13
24 83
24 88
24 98
26 14
26 23
26 81
27 22
27 48
27 99
31 50
32 9
32 27
32 47
33 91
34 1
34 8
34 9
34 52
34 77
34 88
34 95
35 0
35 41
36 57
36 77
38 15
38 85
38 99
39 64
40 25
41 29
41 72
42 47
45 11
46 49
46 84
49 7
49 14
49 19
49 58
49 78
49 94
50 0
50 4
50 51
52 44
52 55
53 9
53 23
53 55
55 16
55 28
56 22
56 44
57 14
57 44
57 99
58 19
58 37
59 3
59 17
59 22
59 57
60 0
61 30
62 63
63 90
65 63
66 18
66 61
67 11
67 77
67 81
68 1
68 47
68 53
68 96
69 6
69 42
70 5
70 14
70 17
71 17
71 75
71 95
72 63
73 62
73 81
73 85
73 91
73 93
74 6
74 14
74 48
75 20
75 48
75 51
76 54
76 91
78 1
78 63
79 47
79 58
79 75
80 54
80 95
81 44
82 22
86 19
88 23
88 25
92 90
93 44
95 44
96 81
97 0
97 50
97 56
99 15
99 65
