pert.100.500.txt: 100 nodes, 500 edges
100
7 14 14 5 7 16 20 3 5 10 3 13 14 10 13 2 13 15 7 5 2 12 7 16 14 1 13 2 2 14 6 17 17 7 4 8 17 12 9 6 2 19 18 6 18 3 9 4 13 11 10 16 20 13 11 13 5 12 19 20 14 14 1 16 3 20 14 20 7 15 12 16 12 5 3 4 11 15 11 5 18 6 16 6 20 14 10 4 15 19 9 6 9 16 20 1 5 5 10 12 
0 91
1 4
1 22
1 37
1 41
1 70
2 21
2 31
2 37
2 38
2 43
3 36
3 40
3 69
4 5
4 17
4 19
4 21
4 29
4 39
4 52
4 57
4 61
4 87
5 21
5 43
5 82
5 96
9 73
9 82
10 24
10 27
10 69
11 32
11 37
11 69
11 70
11 86
12 7
12 16
12 21
12 31
12 49
12 64
12 77
12 88
13 16
13 26
13 46
13 64
13 73
14 7
15 14
15 16
15 46
15 54
15 56
15 57
15 76
15 94
15 99
16 6
16 33
16 99
17 8
17 9
17 42
17 43
17 47
17 68
17 87
17 95
17 98
18 5
18 32
18 36
18 38
18 41
18 43
18 44
18 46
18 71
18 73
18 94
19 3
19 21
19 24
19 26
19 28
19 32
19 39
19 64
19 91
19 98
20 6
20 7
20 26
20 40
20 72
20 84
21 62
21 64
21 83
21 90
22 5
22 14
22 16
22 20
22 41
22 66
22 82
22 98
23 8
23 12
23 34
23 36
23 72
23 80
23 83
23 84
23 99
25 21
25 26
25 36
25 52
25 56
25 64
25 67
25 84
25 92
25 95
25 96
25 99
26 3
26 36
26 64
27 0
27 6
28 6
28 40
28 69
29 2
29 24
29 33
29 44
29 64
30 17
30 27
30 46
30 50
30 54
30 69
30 77
30 80
30 82
30 93
30 95
30 98
30 99
31 3
31 70
31 74
33 69
34 2
34 4
34 14
34 17
34 32
34 36
34 45
34 50
34 55
34 68
34 80
34 91
34 94
34 96
35 5
35 6
35 49
35 56
35 61
35 69
35 74
35 92
36 33
36 57
36 61
36 64
36 85
36 91
37 0
37 14
37 21
37 28
37 33
37 40
37 96
38 82
38 90
39 6
39 16
39 57
39 91
41 14
41 65
41 73
41 74
41 86
42 3
42 7
42 44
42 58
42 67
42 70
42 90
43 28
43 40
43 62
43 69
44 55
45 5
45 38
45 40
45 42
45 57
45 64
45 76
45 83
46 27
46 32
46 85
47 21
47 49
47 77
47 99
48 0
48 27
48 40
48 45
48 49
48 51
48 71
48 86
48 94
50 0
50 28
50 46
50 52
50 72
50 88
51 12
51 36
51 45
51 66
51 87
52 0
52 24
52 33
52 56
52 58
52 86
52 96
52 98
53 38
53 55
53 64
53 65
53 71
53 82
53 90
54 46
54 55
54 68
54 69
54 70
54 92
55 39
55 43
55 64
55 74
55 90
55 98
56 16
56 91
56 99
57 24
58 21
58 38
58 43
59 14
59 24
59 27
59 45
59 51
59 69
59 70
59 96
59 97
59 98
60 62
60 74
61 7
61 49
61 62
62 40
63 0
63 20
63 29
63 36
63 44
63 58
63 69
63 70
63 77
63 84
63 86
63 90
63 99
64 32
65 27
65 58
65 61
65 89
66 14
66 41
66 62
66 82
66 93
67 57
67 65
67 71
67 76
68 3
68 18
68 24
68 27
68 35
68 36
68 58
68 80
68 92
70 40
70 49
70 56
70 57
70 64
70 98
71 6
71 9
71 14
71 31
71 32
71 49
71 98
72 32
72 40
73 49
73 64
74 0
74 24
74 38
74 57
75 0
75 7
75 56
75 74
75 90
76 14
76 27
76 33
76 56
76 64
76 72
77 14
77 27
77 32
77 36
77 38
77 49
77 91
78 0
78 10
78 22
78 30
78 35
78 51
78 75
79 3
79 9
79 13
79 15
79 24
79 40
79 45
79 47
79 83
79 84
79 96
80 44
80 53
80 60
80 65
80 75
80 85
80 91
80 93
80 96
80 99
81 11
81 14
81 20
81 32
81 33
81 42
81 45
81 55
81 73
81 74
81 77
81 84
81 89
81 92
82 32
82 49
83 8
83 16
83 49
83 62
83 77
83 82
84 7
84 27
84 38
84 40
84 43
84 60
84 61
84 70
85 7
85 24
86 6
86 14
86 38
87 10
87 47
87 49
87 98
88 8
88 19
88 71
89 24
89 72
89 85
92 49
92 53
92 58
92 61
92 70
92 77
92 80
92 84
92 89
93 7
93 11
93 19
93 24
93 39
93 64
93 94
94 11
94 37
94 57
94 65
94 75
94 90
94 98
95 24
95 33
95 60
95 65
95 71
95 85
96 9
96 26
96 75
97 10
97 11
97 20
97 47
97 53
97 57
97 65
97 91
98 7
98 28
98 60
98 61
98 77
98 86
