pert.1000.5000.txt: 1000 nodes, 5000 edges
1000
5 20 5 11 19 20 10 4 10 14 1 10 1 13 8 15 10 18 13 10 19 15 17 10 3 5 14 1 2 2 7 10 17 9 12 5 19 14 6 20 4 10 16 2 19 15 5 11 15 12 14 9 20 13 13 20 8 2 7 10 9 10 7 19 8 18 20 15 1 20 13 16 8 16 1 4 15 18 6 12 10 6 3 16 11 16 17 4 4 11 18 15 4 13 1 2 1 1 11 7 7 14 3 5 9 8 14 20 2 6 14 11 5 19 12 10 6 17 13 9 16 20 10 20 3 7 4 12 11 5 19 17 11 15 19 5 8 15 2 11 3 18 5 2 10 19 13 12 16 8 2 13 11 1 6 13 18 19 13 9 9 7 1 3 4 8 6 16 10 19 16 5 6 19 8 6 3 2 2 1 1 20 20 2 19 14 8 3 2 6 7 13 16 17 14 8 19 17 4 20 20 14 6 20 7 1 3 15 9 17 3 2 1 6 18 5 6 19 19 10 10 11 19 20 4 17 13 9 2 6 19 20 5 3 18 14 19 19 5 12 15 3 8 13 13 10 8 3 17 13 14 5 14 16 13 2 8 5 13 20 15 1 18 4 15 14 10 19 13 18 3 3 12 19 9 1 20 11 16 6 4 6 7 8 3 6 3 19 2 7 4 17 1 13 3 3 4 20 9 14 13 10 16 3 3 3 14 7 11 18 15 11 11 4 1 8 3 8 8 10 4 10 16 11 13 20 6 15 14 3 7 3 19 6 16 15 17 2 11 9 20 11 19 14 17 10 4 20 17 20 18 9 19 14 11 18 18 15 16 18 1 17 16 7 16 7 5 13 2 13 4 15 13 1 8 10 11 12 11 4 14 19 5 10 6 4 4 11 4 14 5 1 11 4 15 1 11 5 16 11 1 10 14 20 14 13 13 13 17 15 16 17 20 20 6 6 3 10 11 5 11 16 12 12 14 18 18 6 20 19 12 2 16 19 15 12 1 7 15 6 3 1 2 18 6 17 17 6 16 6 19 4 4 18 1 8 11 14 16 1 8 2 10 7 9 6 8 12 8 18 2 20 16 20 1 4 20 11 13 16 6 11 6 1 14 16 17 15 14 12 1 10 10 6 13 8 17 5 18 3 14 11 12 5 17 7 5 18 10 17 11 9 13 13 11 19 5 1 12 5 11 13 17 10 18 14 19 14 16 7 7 13 15 5 20 7 19 1 14 16 17 5 6 5 5 4 14 3 6 2 5 16 1 15 16 4 12 15 16 17 13 20 4 19 4 10 20 11 19 1 20 15 12 12 18 8 13 20 7 8 19 7 1 11 1 20 18 17 5 1 5 4 1 13 2 5 20 11 12 9 20 12 15 11 16 13 9 13 6 1 6 7 2 3 3 14 19 3 3 4 8 19 6 13 20 8 7 9 15 11 5 2 12 19 19 14 19 13 20 2 8 12 15 15 7 3 4 12 19 20 11 5 14 2 2 19 6 15 9 9 2 8 3 11 5 15 12 2 15 8 18 18 11 16 18 8 4 14 19 14 9 11 10 17 9 2 9 9 11 9 6 5 11 7 13 3 13 19 2 3 15 13 20 16 19 20 3 15 3 5 1 17 16 16 1 19 15 14 12 13 14 2 4 20 16 12 15 9 20 10 1 4 4 9 5 5 11 18 2 3 3 16 1 15 17 20 14 4 7 3 7 9 5 14 9 14 1 14 10 13 12 6 18 9 13 4 19 10 8 6 7 1 1 3 8 17 8 5 6 3 13 8 13 18 10 13 7 20 12 10 18 6 11 3 15 19 18 17 14 1 18 14 18 8 20 9 17 15 9 5 17 12 18 6 11 12 17 3 8 1 11 11 10 14 10 19 13 13 11 9 19 3 8 12 15 20 4 19 17 5 19 11 11 4 13 13 8 15 4 1 10 10 9 14 15 11 5 19 12 4 1 8 13 16 16 18 6 2 9 4 12 19 16 7 13 6 2 1 16 7 5 14 12 2 7 3 20 11 16 4 13 15 7 14 9 12 16 6 19 1 16 9 13 1 6 1 5 7 6 17 1 8 13 6 10 9 4 17 10 16 6 17 14 18 9 13 11 3 13 11 3 17 19 6 8 10 17 2 12 14 12 2 16 18 12 5 19 4 8 14 4 7 4 18 5 6 3 16 2 5 19 9 12 7 1 18 10 8 7 12 7 3 12 19 20 13 2 15 1 14 19 11 3 12 6 19 12 6 2 5 11 13 9 4 11 3 15 11 3 13 
0 753
1 34
1 184
1 200
1 260
1 432
1 470
1 481
1 584
1 790
2 167
2 748
3 122
3 217
3 783
3 821
3 862
3 926
4 171
4 181
4 397
4 559
4 953
5 119
5 414
6 305
7 479
8 1
8 50
8 73
8 131
8 198
8 491
8 680
8 706
8 731
8 800
8 861
9 178
9 207
9 395
9 529
9 592
9 861
10 573
11 406
11 642
12 81
12 173
12 479
12 623
12 647
12 677
12 762
12 776
12 797
12 836
12 898
13 248
13 281
13 515
13 622
14 174
14 234
14 370
14 722
15 268
15 370
15 688
15 729
15 751
15 825
15 909
17 22
17 194
17 273
17 350
17 476
17 673
18 61
18 182
18 261
18 702
18 871
18 956
20 16
20 124
20 361
20 829
20 908
21 476
22 167
22 304
22 391
22 748
22 797
23 76
23 182
23 659
24 244
24 401
24 516
24 637
24 735
24 816
24 854
24 867
25 140
25 229
25 355
25 435
25 467
25 522
25 663
25 686
25 749
25 819
25 943
26 23
26 297
26 413
26 508
26 587
26 613
26 719
26 843
26 992
27 482
27 532
27 576
27 584
27 622
27 687
27 942
28 52
28 304
28 748
30 0
30 83
30 88
30 288
30 379
30 760
30 761
30 813
31 683
31 730
31 752
31 754
31 871
31 921
31 941
32 551
32 898
34 51
34 275
34 313
34 386
34 417
34 423
34 453
34 532
34 691
34 761
35 51
35 237
35 422
36 92
36 124
36 486
36 769
36 771
36 788
36 854
36 938
37 41
37 148
38 398
38 413
38 590
38 947
38 983
39 79
39 157
39 201
39 267
39 323
39 817
39 937
40 111
40 211
40 839
41 119
42 277
42 312
42 361
43 137
43 334
43 465
43 603
43 615
43 824
43 958
44 33
44 34
44 184
44 235
44 424
44 459
44 546
44 620
44 624
44 659
44 660
44 702
44 705
44 833
46 91
46 259
46 276
46 293
46 295
46 390
46 553
46 556
46 879
46 928
46 986
47 552
47 748
47 760
47 785
47 904
48 142
48 501
48 564
48 588
48 665
48 787
48 814
48 873
48 923
48 979
49 211
49 356
49 432
49 726
49 975
50 103
50 112
50 185
50 232
50 334
50 362
50 614
50 647
50 799
50 987
51 7
51 182
52 81
52 203
52 379
52 443
52 771
52 773
52 870
53 167
54 66
54 229
54 371
54 566
54 590
54 826
55 312
55 380
55 418
55 573
56 305
57 774
57 820
58 165
58 409
58 449
58 566
58 778
58 785
58 803
58 901
59 159
59 204
59 305
59 386
59 529
60 147
60 207
60 251
60 283
60 312
60 353
60 475
60 636
60 736
60 862
60 884
60 964
62 130
62 277
62 281
62 545
62 717
62 718
62 925
63 22
63 110
63 139
63 149
63 208
63 586
63 590
63 613
63 826
63 836
63 922
63 958
64 54
64 147
64 181
64 216
64 234
64 278
64 460
64 571
64 577
64 738
64 817
64 857
64 928
64 951
65 246
65 335
65 383
65 423
65 575
65 582
65 708
65 829
65 841
65 994
66 584
66 846
67 373
67 591
67 735
67 846
68 622
69 49
69 121
69 166
69 169
69 186
69 292
69 432
69 488
69 568
69 647
69 669
69 986
70 213
70 581
70 903
71 27
71 74
71 114
71 510
71 584
71 667
71 723
71 874
72 659
72 678
73 89
73 96
73 154
73 324
73 561
73 572
73 609
73 616
73 923
73 992
74 148
74 457
75 2
75 219
75 227
75 755
75 926
77 14
77 156
77 275
77 450
77 764
77 782
77 860
77 957
78 61
78 289
78 478
78 668
78 862
79 61
79 93
79 709
80 41
81 181
82 105
82 171
82 216
82 246
82 255
82 282
82 481
82 587
82 732
82 925
82 970
82 990
83 175
83 210
83 314
83 386
83 720
85 281
85 453
85 603
85 665
85 710
85 732
86 397
86 484
86 553
86 555
86 666
86 713
86 727
86 739
86 855
87 38
87 204
87 220
88 37
88 232
88 753
89 11
89 81
89 341
89 486
89 722
89 785
89 844
89 966
90 169
90 211
90 307
90 395
90 402
90 561
90 673
90 896
91 289
91 345
91 418
91 813
91 948
92 200
92 553
93 297
93 451
94 962
95 368
95 414
95 846
96 411
96 839
96 962
97 17
97 47
97 171
97 324
97 371
97 632
97 677
97 782
97 902
98 29
98 47
98 186
98 328
98 671
98 801
98 962
98 986
101 104
101 241
101 305
101 418
102 53
102 85
102 304
102 492
102 605
102 870
103 323
103 602
103 642
103 693
103 698
103 767
103 820
103 962
104 124
104 197
105 85
105 173
105 262
105 661
105 994
106 39
106 105
106 362
106 636
106 677
106 764
106 845
106 859
106 885
108 148
108 247
108 414
108 710
109 454
109 785
109 926
110 368
111 219
111 821
113 109
113 152
113 277
113 304
113 368
113 410
113 512
113 642
113 682
113 841
114 4
114 91
114 112
114 310
114 664
114 837
114 896
115 111
115 298
115 983
116 451
116 525
116 659
116 757
117 50
117 95
117 100
117 465
117 981
118 94
118 125
118 213
118 280
118 398
118 872
120 62
120 87
120 200
120 207
120 328
120 445
120 806
120 968
122 93
122 124
122 151
122 325
122 485
122 727
123 29
123 340
123 965
124 709
125 11
125 34
125 208
125 476
125 562
125 576
125 722
125 997
126 162
126 281
126 454
126 983
127 355
127 429
127 983
128 244
128 732
129 262
129 490
129 622
129 625
129 678
130 168
130 210
130 334
130 422
130 563
130 691
130 815
130 818
130 972
131 112
131 161
131 252
131 258
131 345
131 495
131 509
131 720
131 896
131 937
132 30
132 234
132 304
132 438
132 462
132 696
132 774
132 865
132 891
133 46
133 149
133 456
133 619
133 758
133 981
134 168
134 173
134 178
134 290
134 485
134 626
134 710
134 858
134 877
134 891
134 926
134 932
135 91
135 279
135 356
135 609
135 994
136 169
136 227
136 268
136 368
136 503
136 733
136 795
136 851
136 960
137 59
137 482
137 691
137 710
137 890
138 151
138 178
138 694
139 49
139 138
139 195
139 524
139 691
139 716
139 743
139 928
139 965
139 972
140 5
140 95
140 344
140 350
140 498
140 687
140 724
140 861
140 874
141 224
141 922
142 886
142 909
143 429
143 947
144 2
144 103
144 157
144 263
144 561
144 580
144 683
145 4
145 5
145 38
145 148
145 391
145 517
145 624
145 759
145 815
146 10
146 313
146 420
146 461
146 525
146 732
147 113
147 211
147 248
147 829
147 877
148 622
149 379
150 604
150 948
151 737
151 955
152 288
152 461
152 471
152 710
153 470
153 943
154 34
154 438
154 604
155 95
155 122
155 621
155 797
155 953
156 244
158 170
158 186
158 445
158 640
158 848
158 996
159 51
159 182
160 0
160 79
160 161
160 182
160 224
160 252
160 263
160 266
160 300
160 461
160 552
160 643
160 645
160 699
160 777
160 932
161 295
161 314
161 335
161 370
161 879
161 942
162 16
162 771
163 295
163 370
163 446
163 565
163 629
163 697
163 699
163 769
163 778
163 788
163 992
164 42
164 101
164 141
164 179
164 368
164 418
164 454
164 577
164 904
165 70
165 187
165 390
165 567
165 827
165 867
166 241
166 382
166 545
166 560
166 587
166 961
168 124
168 328
168 451
168 481
168 487
168 612
168 753
168 815
168 844
168 858
169 99
169 241
169 306
169 349
169 726
169 753
169 788
169 842
170 186
170 278
170 355
170 553
170 564
170 724
170 771
170 860
170 886
170 960
171 839
172 340
172 622
174 61
174 110
174 314
174 604
174 815
175 618
176 123
176 210
176 450
176 621
176 937
177 84
177 99
177 157
177 244
177 245
177 299
177 382
177 443
177 455
177 564
179 551
179 631
179 975
180 774
183 41
183 108
183 493
183 541
183 593
183 632
183 782
183 957
184 11
184 145
184 287
184 564
184 575
184 757
184 794
184 997
185 479
185 815
185 983
186 88
186 110
186 582
186 692
186 972
187 37
187 217
187 379
188 70
188 138
188 382
188 404
188 427
188 472
188 678
188 727
188 839
188 844
188 876
189 52
189 234
189 629
189 635
189 664
189 701
189 854
189 891
189 930
189 979
191 2
191 219
191 271
191 499
191 551
191 834
191 972
192 39
192 95
192 182
192 271
192 312
192 328
192 422
192 747
192 795
192 887
192 893
192 938
192 972
193 72
193 332
193 394
193 425
193 455
193 675
193 732
193 916
194 303
195 176
195 274
195 391
195 527
195 597
195 627
195 773
195 942
196 34
196 70
196 303
196 329
196 448
196 493
196 495
196 520
196 536
196 736
196 746
196 771
196 785
196 946
198 263
198 335
198 351
198 387
198 395
198 486
198 684
198 748
198 757
198 957
199 109
199 289
199 350
199 366
199 393
199 440
199 522
199 534
199 717
199 732
199 829
200 95
200 112
200 297
200 483
200 561
201 57
201 84
201 93
201 167
201 246
201 536
201 625
201 698
201 905
202 13
202 45
202 99
202 157
202 285
202 321
202 354
202 421
202 476
202 612
202 733
202 881
203 837
204 94
205 523
205 525
205 879
205 994
206 207
206 232
206 287
206 508
206 884
206 959
207 205
207 676
207 771
207 777
209 121
209 553
209 769
209 839
210 410
211 305
211 399
211 668
211 869
211 884
212 143
212 351
212 417
213 719
214 91
214 248
214 344
214 356
214 715
215 68
215 406
215 515
215 556
215 561
215 581
215 863
215 889
215 937
215 942
216 470
217 197
218 209
218 246
218 268
218 450
218 602
218 709
218 818
219 157
219 190
219 429
221 205
221 347
221 830
221 861
221 890
222 23
222 51
222 297
222 340
222 486
222 908
223 45
223 124
223 143
223 263
223 275
223 291
223 313
223 453
223 642
223 678
223 917
224 45
224 203
224 209
224 702
225 187
225 331
225 473
225 486
225 601
225 682
225 953
226 21
226 194
226 524
226 547
226 997
227 47
227 334
227 618
228 232
228 260
228 303
228 442
228 561
228 656
228 757
228 774
228 836
228 891
229 26
229 105
229 126
229 161
229 232
229 270
229 362
229 447
229 450
229 807
229 866
229 903
230 109
230 220
230 341
230 712
230 946
231 247
231 324
232 91
232 151
232 171
232 627
232 797
233 111
233 143
233 176
233 182
233 203
233 377
233 384
233 419
233 592
233 906
234 299
234 557
234 641
234 776
234 792
235 39
235 55
235 137
235 230
235 243
235 272
235 366
235 654
235 659
235 673
235 686
235 745
235 815
235 863
235 947
236 273
236 427
236 575
236 875
236 953
237 68
237 245
237 418
237 612
237 817
237 922
238 122
238 288
238 443
238 785
239 18
239 249
239 379
239 409
239 471
239 666
239 685
239 695
239 897
240 152
240 231
240 817
240 892
241 124
241 182
241 818
241 953
241 999
242 180
242 340
242 382
242 396
243 50
243 288
243 314
243 441
243 556
243 558
243 560
243 568
243 641
243 815
245 498
245 654
246 40
246 154
246 194
246 203
246 486
246 612
246 621
246 622
246 820
246 997
247 94
247 271
247 651
247 737
248 22
248 605
248 808
249 27
249 375
249 612
249 730
249 862
250 386
250 510
250 603
250 836
250 841
250 932
251 27
251 341
251 345
251 455
251 677
251 687
252 263
252 276
252 294
252 312
252 556
252 616
252 748
252 866
253 265
253 308
253 400
253 624
253 625
253 646
253 653
253 698
253 786
253 909
253 943
254 498
254 517
254 737
254 992
255 299
255 380
255 727
255 871
256 490
257 80
257 210
257 529
257 647
258 211
258 527
258 573
258 661
258 715
258 813
258 846
260 16
261 29
261 92
261 268
261 411
261 445
261 828
261 972
262 38
262 178
262 276
263 175
263 320
263 561
264 414
264 508
264 552
264 677
264 812
264 884
264 989
264 990
265 150
265 369
265 382
265 387
265 391
265 475
265 739
266 289
266 489
266 523
266 607
266 643
266 732
266 767
266 919
267 648
267 700
267 737
267 942
268 727
269 94
270 50
270 374
270 445
271 826
272 45
272 741
272 770
273 92
273 169
273 263
273 373
273 528
273 631
273 667
273 771
273 825
274 72
274 173
274 213
274 224
274 348
274 648
274 720
274 869
274 888
274 941
275 244
275 709
276 138
276 157
276 256
276 291
276 566
276 737
278 21
279 52
279 162
279 560
279 570
279 999
280 27
280 175
280 289
280 457
280 483
280 769
281 124
281 340
281 414
281 622
281 774
281 947
282 890
283 11
283 84
283 641
283 684
283 720
283 760
283 834
284 259
284 392
284 525
284 702
285 93
285 215
285 244
285 563
285 665
285 867
286 40
286 564
286 693
286 862
287 397
287 664
287 896
289 162
289 483
289 553
290 112
290 155
290 195
290 211
290 263
290 314
290 430
290 534
290 604
290 629
290 786
291 141
291 783
291 794
292 17
292 47
292 163
292 168
292 170
292 197
292 276
292 532
292 621
292 711
292 800
292 905
293 157
293 725
293 783
293 854
294 157
294 469
294 564
294 648
294 687
294 858
295 72
295 454
295 618
295 631
295 671
295 842
296 320
296 433
296 552
296 745
296 836
298 592
298 700
298 732
299 328
299 590
299 668
300 92
300 98
300 187
300 309
300 392
300 461
300 710
300 782
300 816
300 889
300 903
300 928
300 973
301 103
301 545
301 624
301 709
301 797
301 958
302 56
302 85
302 246
302 358
302 457
302 553
302 654
302 675
302 745
302 751
302 946
303 774
303 965
305 307
305 953
306 42
306 587
308 118
308 137
308 162
308 463
308 469
308 692
308 830
308 846
309 590
309 819
310 586
311 59
311 104
311 324
311 350
315 123
315 307
315 727
316 127
316 137
316 281
316 387
316 457
316 633
316 711
316 741
316 916
316 964
317 174
317 277
317 285
317 446
317 485
317 504
317 681
317 774
318 21
318 25
318 166
318 196
318 275
318 399
318 558
318 653
318 716
318 721
318 736
318 745
318 816
318 902
318 988
319 167
319 612
319 801
319 867
320 51
320 413
320 708
320 926
321 51
321 191
321 251
321 295
321 299
321 330
321 553
321 566
321 609
321 631
321 671
321 822
321 960
322 6
322 175
322 190
322 459
322 520
322 613
322 764
322 979
323 552
323 888
324 203
324 278
324 620
325 948
326 15
326 17
326 29
326 122
326 134
326 234
326 355
326 396
326 490
326 568
326 667
326 790
327 13
327 19
327 347
327 412
327 719
327 734
328 197
328 748
329 19
329 490
329 558
329 701
329 792
330 70
330 600
330 735
330 828
330 845
330 846
330 884
331 148
331 203
331 299
331 429
331 579
331 640
331 897
331 984
332 283
332 418
333 11
333 281
333 403
333 460
333 632
333 650
333 656
333 679
333 820
333 862
335 124
335 846
335 941
335 953
336 371
336 522
336 608
336 942
337 17
337 128
337 369
337 782
338 275
338 372
338 379
338 494
338 837
338 867
338 886
339 61
339 220
339 567
339 612
339 692
339 724
339 729
339 846
342 462
342 722
342 909
342 942
343 74
343 107
343 283
343 378
343 477
343 572
343 686
343 786
343 949
343 966
344 454
344 547
344 668
344 837
344 896
344 902
345 260
346 67
346 163
346 179
346 234
346 261
346 351
346 411
346 607
346 627
346 631
347 415
347 785
348 68
348 303
349 559
350 182
350 401
350 491
350 600
350 632
350 662
350 685
351 397
351 520
351 551
351 820
352 68
352 709
353 37
353 105
353 134
353 426
353 429
353 443
353 461
353 471
353 502
353 777
353 963
354 109
354 147
354 199
354 248
354 451
354 579
354 592
354 826
354 951
355 21
355 169
355 774
355 829
355 862
355 979
356 451
357 361
357 373
357 416
357 427
357 612
357 662
357 681
357 876
357 987
358 34
358 92
358 104
358 220
358 224
358 291
358 404
358 415
358 570
358 782
359 125
359 224
359 580
359 879
360 75
360 76
360 145
360 190
360 525
360 589
360 691
360 817
360 883
362 89
362 922
362 961
363 257
363 392
363 527
363 709
364 55
364 310
364 484
364 998
365 74
365 579
365 709
365 757
365 872
365 923
366 3
366 95
366 211
366 451
366 662
366 716
366 792
366 983
367 11
367 302
367 331
367 342
367 394
367 397
367 456
367 481
367 727
367 827
369 211
369 269
369 282
369 441
369 541
369 582
369 592
369 600
369 613
369 727
369 824
370 769
371 314
372 56
372 104
372 377
372 483
372 642
372 886
372 897
372 926
373 947
373 955
374 95
374 157
374 173
374 234
374 297
374 556
374 758
374 922
374 983
376 8
376 112
376 151
376 288
376 403
376 671
376 827
376 848
376 956
376 965
378 2
378 41
378 52
378 104
378 277
378 382
378 485
378 551
378 557
378 665
378 825
378 842
378 846
380 148
380 172
380 398
380 605
380 761
381 13
381 15
381 118
381 246
381 268
381 594
381 702
381 858
381 897
381 962
382 454
383 55
383 356
383 432
383 480
383 817
384 295
384 518
384 722
384 782
384 950
384 995
385 365
385 562
385 668
385 700
386 37
387 138
387 672
388 245
388 392
388 575
388 637
389 312
389 406
389 468
389 521
389 594
389 626
389 954
390 51
390 155
390 172
390 177
390 319
390 477
390 637
390 767
391 181
391 596
393 61
393 247
393 402
393 787
395 32
395 294
395 311
395 378
395 676
395 678
395 771
395 877
395 972
396 123
396 312
396 797
399 38
399 307
399 542
400 3
400 38
400 281
400 341
400 510
400 567
400 745
400 916
401 573
402 119
402 216
402 260
402 303
402 349
402 391
402 418
402 509
402 524
402 577
402 678
403 417
404 277
404 352
404 397
404 451
404 651
404 687
404 702
404 908
405 16
405 351
406 398
406 605
407 276
407 395
407 786
407 837
408 27
408 138
408 312
408 765
408 768
408 858
409 111
409 129
409 472
409 643
409 699
409 952
409 980
411 632
411 897
411 983
412 169
412 414
412 761
413 57
414 277
414 479
415 260
416 8
416 230
416 248
416 312
416 369
416 421
416 444
416 871
417 72
417 397
417 953
419 155
419 341
419 349
419 496
419 592
420 92
420 182
420 272
420 450
420 567
420 643
420 665
420 982
421 66
421 168
421 213
421 394
421 661
421 769
421 787
421 845
422 362
422 406
422 419
422 621
423 80
423 560
423 573
423 709
424 115
424 240
424 257
424 344
424 577
424 639
426 21
426 42
426 209
426 211
426 586
426 877
427 70
427 181
427 323
427 351
427 587
427 622
427 650
427 720
427 800
427 807
428 209
428 229
428 586
428 704
428 737
428 741
428 923
430 29
430 299
430 711
430 937
431 47
432 94
432 182
432 194
432 304
433 75
433 93
433 102
433 124
433 481
433 768
433 883
433 956
434 135
434 263
434 275
434 277
434 310
434 378
434 547
434 728
434 770
434 808
434 986
435 443
435 580
436 552
436 562
436 688
436 792
436 967
437 294
437 344
437 665
437 943
438 121
438 148
438 171
438 190
438 291
438 313
438 665
439 212
439 238
439 364
439 479
439 517
439 579
439 859
440 406
440 487
440 577
440 685
440 755
441 413
441 573
442 37
442 341
442 351
442 379
442 629
443 797
444 208
444 305
444 361
444 382
444 436
444 615
444 682
444 759
444 884
445 2
445 28
445 197
445 771
446 282
446 757
446 813
446 896
447 94
447 341
447 380
447 411
448 148
448 479
448 580
448 785
449 57
449 208
449 515
449 813
450 584
451 45
452 167
452 407
452 412
452 521
453 99
453 110
455 941
455 959
456 150
456 267
456 315
456 581
456 762
456 831
456 848
456 938
457 178
458 53
458 151
458 520
458 684
458 839
458 952
459 190
459 260
459 309
459 365
459 440
459 475
459 908
460 992
461 7
461 417
462 40
462 70
462 93
462 186
462 629
462 751
462 871
463 22
463 45
463 88
463 263
463 305
463 562
463 619
463 687
463 992
464 171
464 180
464 294
464 410
464 455
464 709
464 822
464 827
465 155
465 313
465 355
465 797
465 816
465 956
466 169
466 284
466 480
466 691
466 717
466 724
466 872
466 951
467 197
467 213
467 219
467 411
467 448
467 553
467 705
467 724
467 811
467 827
467 891
467 984
467 997
468 87
468 220
468 482
468 636
468 698
468 862
468 912
469 29
469 56
469 57
469 446
469 517
469 592
469 605
469 710
470 259
471 7
471 171
471 348
471 625
472 57
472 91
472 153
472 510
472 677
472 771
472 879
473 110
473 575
474 5
474 263
474 275
474 445
474 525
474 654
474 757
475 124
475 999
477 185
477 522
477 715
477 926
477 943
478 223
478 403
478 457
478 560
478 590
478 943
480 187
480 224
480 282
480 552
480 573
481 76
481 238
481 259
481 324
481 579
481 581
481 707
482 391
484 701
484 715
485 429
485 483
486 213
486 351
486 398
486 453
486 572
487 238
487 479
487 999
488 72
488 210
488 252
488 360
488 419
488 989
489 304
489 643
489 922
489 997
492 149
492 151
492 180
492 398
492 557
492 694
492 753
493 84
493 175
493 423
493 468
493 573
493 660
493 771
493 867
493 879
493 893
493 926
494 757
494 806
494 867
494 973
495 11
495 299
495 304
495 350
495 414
495 709
495 818
495 834
496 157
496 247
496 581
496 787
496 792
497 4
497 14
497 323
497 542
497 612
497 733
497 761
497 827
497 860
497 862
497 933
498 341
499 37
499 259
499 323
499 556
499 689
499 896
500 106
500 147
500 376
500 412
500 544
500 594
500 686
500 761
500 942
500 991
501 81
501 626
501 663
501 712
502 21
502 135
502 216
502 386
502 861
502 931
503 347
503 456
503 472
503 531
503 645
503 661
503 669
503 676
503 692
503 767
503 912
504 0
504 36
504 286
504 304
504 328
504 549
504 582
504 598
504 730
504 827
505 95
505 260
505 334
505 339
505 664
505 667
505 757
505 817
505 930
505 954
506 142
506 195
506 242
506 372
506 373
506 706
506 827
506 896
507 11
507 81
507 152
507 217
507 366
507 377
507 484
507 529
507 695
507 794
507 812
507 997
508 66
508 76
508 155
509 45
509 194
509 487
509 719
510 74
510 186
510 281
510 365
510 415
510 445
510 483
510 708
510 787
510 813
510 986
511 17
511 156
511 169
511 369
511 375
511 478
511 826
512 84
512 242
512 415
512 665
513 22
513 510
513 572
513 912
513 982
514 93
514 209
514 366
514 451
514 527
514 710
515 453
515 702
515 715
515 797
515 886
516 13
516 95
516 271
516 286
516 324
516 368
516 483
516 620
516 679
516 685
516 699
516 748
517 4
517 173
517 398
517 641
518 56
518 148
518 149
518 208
518 363
518 395
518 665
518 778
518 867
519 4
519 59
519 111
519 141
519 182
519 250
519 267
519 309
519 712
519 867
519 937
520 325
520 479
521 110
521 414
521 627
521 975
522 410
522 984
523 84
523 244
523 349
523 560
523 767
523 858
523 888
524 172
524 182
524 324
524 528
524 632
524 829
524 885
525 727
526 23
526 30
526 136
526 168
526 175
526 278
526 428
526 519
526 576
526 679
526 737
526 801
526 808
527 159
527 172
527 307
527 664
527 839
528 11
528 313
528 839
529 84
530 14
530 109
530 110
530 142
530 226
530 350
530 419
530 473
530 512
530 541
530 609
530 811
530 831
531 61
531 102
531 252
531 597
531 638
531 676
531 830
533 71
533 96
533 451
533 505
533 627
533 727
533 773
533 792
533 860
533 879
533 920
534 41
534 212
534 285
534 351
535 151
535 168
535 207
535 304
535 483
535 551
535 664
535 694
535 926
536 162
536 454
536 532
536 862
536 941
537 206
537 307
537 315
537 345
537 432
537 708
537 925
537 982
538 188
538 221
538 335
538 396
538 427
538 441
538 445
538 470
538 519
538 849
539 126
539 394
539 532
539 994
540 5
540 10
540 139
540 154
540 328
540 386
540 556
540 731
540 853
540 917
541 91
541 392
541 475
541 573
541 626
542 57
542 91
542 153
542 203
542 819
543 5
543 107
543 717
543 949
544 43
544 203
544 452
544 498
545 142
545 195
545 577
545 715
545 808
545 952
545 953
547 175
547 178
547 678
548 0
548 56
548 319
548 371
548 380
548 389
548 464
548 517
548 545
549 271
549 487
549 508
549 573
549 577
549 620
549 968
550 125
550 269
550 341
550 525
550 602
551 429
552 220
553 182
553 307
553 451
554 328
554 441
554 457
554 702
554 826
555 68
556 45
557 27
557 156
557 213
557 219
557 306
557 450
557 632
557 685
558 159
558 362
558 386
558 405
558 447
558 612
558 716
558 755
558 853
558 872
559 651
560 197
560 345
560 575
560 664
562 774
562 948
563 181
563 244
563 310
563 536
563 590
563 612
563 631
563 648
563 965
564 773
565 1
565 76
565 142
565 266
565 307
565 362
565 446
565 764
565 796
565 872
565 923
566 618
566 627
567 114
567 377
567 462
567 591
567 643
567 965
568 76
568 208
568 252
568 283
568 324
568 412
568 566
568 587
568 650
568 709
568 735
569 34
569 94
569 223
569 382
569 726
569 884
570 5
570 72
570 394
570 955
571 256
571 260
571 451
571 465
571 488
571 714
571 755
571 993
572 375
574 99
574 231
574 570
574 642
574 693
574 774
574 896
575 220
576 815
577 643
577 656
578 76
578 171
578 660
578 743
578 758
578 863
578 905
578 995
579 2
579 84
579 451
579 590
579 896
580 291
580 653
580 966
581 28
581 124
581 638
583 80
583 155
583 211
583 229
583 257
583 278
583 604
583 912
584 182
584 621
584 636
585 135
585 169
585 275
585 413
585 482
585 584
587 532
588 418
588 430
588 554
589 85
589 532
589 687
589 843
590 307
590 520
590 858
591 278
591 310
591 445
591 495
591 566
591 596
591 684
591 875
592 259
592 312
593 359
593 673
593 963
594 178
594 387
594 422
594 483
594 559
594 587
594 678
594 965
595 37
595 159
595 185
595 232
595 233
595 374
595 512
595 520
595 713
595 745
595 758
595 767
595 964
597 162
597 399
597 529
597 626
597 877
597 987
598 61
598 148
598 232
598 261
598 334
598 484
598 503
598 555
598 707
598 746
598 793
599 5
599 95
599 125
599 323
599 522
599 676
599 685
599 727
599 811
599 982
600 51
600 223
600 287
600 345
600 347
600 414
600 896
600 994
601 256
601 495
601 638
601 708
602 53
602 182
602 275
602 432
602 622
603 320
603 532
603 647
605 760
605 815
606 179
606 312
606 391
606 407
606 412
606 521
606 638
606 692
606 717
606 772
606 884
607 88
607 95
607 334
607 442
607 445
607 451
607 524
607 569
608 245
608 391
608 862
609 16
609 245
609 525
609 555
609 653
610 53
610 588
610 632
610 700
610 976
610 995
611 18
611 41
611 81
611 211
611 441
611 513
611 590
611 613
611 723
611 766
611 847
611 851
611 943
612 173
612 208
612 213
612 443
612 482
612 787
613 320
613 365
613 423
613 824
613 909
614 7
614 11
614 335
614 402
614 542
614 743
614 990
615 63
615 159
615 286
615 433
615 495
615 735
615 825
616 280
616 667
616 876
616 948
617 270
617 299
617 359
617 366
617 371
617 380
617 474
617 487
617 527
617 581
617 902
618 288
618 685
619 87
619 173
619 200
619 361
619 392
619 656
620 411
620 627
620 691
621 702
623 177
623 197
623 327
623 669
624 382
625 454
625 564
625 776
625 826
626 890
626 975
627 470
627 555
627 955
628 81
628 154
628 284
628 405
628 408
628 411
628 602
628 624
628 860
630 14
630 258
630 673
630 778
630 853
630 875
631 659
632 443
632 556
633 111
633 208
633 256
633 260
633 380
633 475
634 143
634 147
634 152
634 160
634 297
634 390
634 448
634 463
634 490
634 650
634 947
634 989
635 23
635 41
635 127
635 219
635 505
635 506
635 599
635 606
635 759
635 837
635 993
636 573
636 654
637 51
637 80
637 112
638 375
638 429
639 385
639 402
639 409
639 564
639 601
639 651
639 782
639 959
640 10
640 28
640 94
640 180
640 200
640 959
640 987
641 5
641 819
642 821
643 180
644 265
644 797
644 940
645 128
645 355
645 755
645 891
645 982
646 32
646 102
646 263
646 279
646 675
646 896
647 397
648 760
649 79
649 285
649 310
649 556
649 692
650 491
650 591
650 651
650 961
652 10
652 327
652 360
652 415
652 527
653 180
653 284
653 647
653 842
653 926
655 32
655 306
655 348
655 541
655 705
655 834
655 987
656 382
656 453
657 200
657 256
657 258
657 276
657 278
657 281
657 701
657 712
657 784
657 851
658 100
658 351
658 383
658 412
658 440
658 498
658 554
658 668
658 689
658 842
658 933
660 148
660 260
660 314
660 446
660 523
660 573
660 710
660 784
660 990
661 91
661 141
661 446
661 627
661 769
661 983
662 298
662 693
663 38
663 177
663 210
663 513
664 847
665 429
665 476
665 625
665 654
666 90
666 259
666 404
666 770
666 820
666 869
667 961
669 81
669 312
670 258
670 606
671 80
671 551
671 580
671 725
671 788
671 955
672 536
672 656
673 388
673 491
673 528
673 573
673 693
674 266
674 315
674 389
674 442
674 485
674 496
674 566
674 769
675 271
675 380
675 640
676 268
676 380
676 486
676 748
677 109
677 174
677 178
677 224
677 242
677 314
677 892
679 0
679 584
679 643
679 960
680 349
680 587
680 594
680 820
680 937
680 981
680 990
681 111
681 129
681 362
681 645
681 823
682 83
682 304
683 260
683 561
683 787
683 985
684 80
684 83
684 213
684 254
684 324
684 328
684 566
684 817
684 831
686 320
686 694
687 167
687 457
688 45
688 151
688 325
688 622
688 771
689 81
689 99
689 119
689 291
689 688
690 94
690 256
690 440
690 486
690 548
690 686
690 782
690 813
690 933
690 986
691 208
691 890
692 870
693 80
693 157
693 485
694 757
694 783
694 845
695 277
695 575
695 820
696 51
696 68
696 126
696 156
696 347
696 377
696 482
696 900
696 980
697 90
697 141
697 251
697 327
697 483
697 826
698 343
698 616
698 700
698 730
698 956
699 76
699 104
699 473
699 622
699 813
700 167
700 425
701 27
701 586
701 691
701 994
702 368
703 164
703 211
703 235
703 242
703 292
703 358
703 444
703 446
703 574
703 604
703 792
703 909
704 194
704 405
704 479
704 485
704 507
704 988
705 612
705 687
706 119
706 730
706 809
706 995
707 148
707 156
707 315
707 709
708 896
709 244
710 2
710 349
710 379
710 391
710 692
711 110
711 122
711 575
711 642
711 884
711 981
712 169
712 254
712 422
712 487
713 204
713 265
713 653
713 720
713 849
713 947
714 67
714 161
714 199
714 216
714 245
714 422
714 469
714 540
714 554
714 633
714 999
716 197
717 40
717 87
717 263
717 387
717 413
717 429
717 518
717 551
717 561
717 589
717 992
718 143
718 240
718 245
718 339
718 352
718 484
718 555
718 626
718 706
718 839
719 312
719 837
720 157
720 284
720 410
720 774
721 26
721 172
721 404
721 556
721 589
721 609
721 647
721 716
721 787
721 821
721 884
722 197
722 391
723 150
723 335
723 386
723 404
723 451
723 482
723 849
723 947
723 976
723 997
724 49
724 85
724 402
724 440
724 784
724 830
724 844
724 947
725 349
725 411
725 592
726 603
726 788
726 908
726 942
728 176
728 222
728 276
728 694
728 947
728 955
729 10
729 246
729 422
729 960
730 219
730 234
730 310
730 711
730 760
731 478
731 555
732 76
732 475
732 491
732 898
733 65
733 211
733 384
733 386
733 653
733 745
733 834
733 967
734 37
734 148
734 523
734 603
735 56
735 399
735 433
735 651
735 665
735 671
735 773
735 815
735 854
736 111
736 322
736 395
736 455
736 560
736 581
736 597
736 731
736 830
736 997
738 169
738 247
738 260
738 291
738 440
738 587
738 716
738 830
739 16
739 294
739 459
739 735
739 778
739 782
740 16
740 96
740 734
740 931
741 52
741 306
741 450
741 689
741 898
742 257
742 270
742 671
742 735
742 771
742 810
743 91
743 908
743 919
744 78
744 344
744 366
744 424
744 452
744 479
744 672
744 679
744 700
744 754
744 785
744 809
745 167
745 303
745 327
745 422
745 520
745 913
746 470
746 547
746 578
746 740
747 214
747 278
747 309
747 389
747 673
747 797
747 806
747 818
747 979
749 796
749 797
750 57
750 206
750 255
750 531
750 695
750 815
750 961
751 126
751 553
752 79
752 128
752 320
752 566
752 708
753 398
754 106
754 111
754 143
754 153
754 221
754 484
754 670
754 761
754 782
754 824
754 848
754 871
754 993
755 268
755 430
755 476
755 602
755 732
755 843
755 879
756 33
756 162
756 170
756 238
756 256
756 490
756 794
756 909
756 950
756 962
757 281
757 570
758 5
758 411
758 603
758 653
759 122
759 314
759 691
759 926
759 943
761 41
761 826
762 255
762 258
762 442
762 475
762 643
762 708
762 917
763 197
763 354
763 386
763 403
763 586
763 668
763 684
763 686
763 813
763 855
763 890
763 965
764 116
764 454
764 521
764 546
764 562
764 701
764 774
766 7
766 115
766 194
766 451
766 616
766 895
767 182
767 208
767 651
768 391
768 496
768 699
770 50
770 59
770 85
770 212
770 219
770 222
770 523
770 613
772 157
772 265
772 461
772 577
772 614
772 712
772 778
773 425
774 490
774 961
775 29
775 46
775 206
775 423
775 435
775 565
775 649
775 771
775 883
775 900
777 148
777 211
777 380
777 445
777 483
777 760
777 896
779 172
779 355
779 409
779 498
779 522
779 675
780 57
780 160
780 218
780 280
780 339
780 461
780 475
780 513
780 558
780 690
780 788
780 977
781 242
781 259
781 354
781 364
781 437
781 489
781 532
781 621
781 642
781 747
781 794
781 830
781 948
781 992
782 10
782 479
782 961
784 213
784 295
784 785
784 797
785 837
786 297
786 476
786 700
787 325
787 625
788 382
788 667
788 917
788 961
789 28
789 38
789 96
789 102
789 243
789 249
789 301
789 345
789 374
789 606
789 888
790 408
790 547
790 590
790 631
790 755
790 773
791 173
791 312
791 353
791 376
791 401
791 642
791 646
791 695
791 766
791 771
791 845
791 887
791 968
792 406
792 417
792 559
792 955
793 76
793 299
793 643
793 669
793 904
793 973
794 81
794 260
795 103
795 121
795 138
795 350
795 481
795 521
795 975
796 7
796 335
796 417
796 498
798 159
798 250
798 359
798 465
798 518
798 609
798 718
798 732
798 785
798 944
798 949
799 70
799 143
799 213
799 344
799 523
800 68
800 149
800 156
800 315
800 527
800 551
800 581
800 935
800 947
800 956
801 200
801 256
801 551
801 767
801 867
802 62
802 77
802 275
802 287
802 465
802 563
802 614
803 27
803 185
803 209
803 229
803 354
803 391
803 464
803 489
803 544
804 95
804 251
804 315
804 350
804 425
804 569
804 626
804 711
805 52
805 122
805 230
805 233
805 301
805 315
805 407
805 434
805 477
805 514
805 619
805 666
805 908
805 957
806 403
806 419
806 425
806 573
806 665
806 769
806 825
807 28
807 309
807 312
807 590
808 94
808 941
809 2
809 88
809 181
809 211
809 219
809 587
810 104
810 134
810 173
810 300
810 312
810 833
811 314
811 392
811 423
811 451
811 774
811 917
812 4
812 37
812 161
812 252
812 348
812 370
812 372
812 408
812 425
812 614
812 999
814 74
814 145
814 372
814 405
814 509
814 525
814 574
814 580
814 630
814 757
815 307
816 21
816 172
816 197
816 282
816 482
816 660
816 675
816 753
816 809
816 822
817 87
817 557
817 787
819 685
819 783
820 575
821 551
821 582
821 654
822 181
822 358
822 380
822 563
822 790
823 35
823 36
823 63
823 89
823 296
823 454
823 506
823 619
823 882
823 942
824 175
824 284
824 351
824 425
824 777
824 782
825 153
825 263
825 288
825 525
825 813
826 397
827 38
827 162
827 222
827 397
827 461
827 633
827 767
827 843
828 1
828 28
828 102
828 247
828 455
828 492
828 680
828 752
829 143
829 898
830 361
830 727
830 867
831 53
831 241
831 604
831 737
832 134
832 228
832 414
832 450
832 688
832 749
832 790
833 59
833 137
833 271
833 421
833 448
833 449
833 484
833 530
833 671
833 672
833 761
833 975
833 986
834 0
834 450
834 760
835 129
835 380
835 463
835 483
835 565
835 639
835 651
835 740
835 752
835 851
835 886
835 959
836 123
836 327
836 359
836 491
836 596
836 757
836 831
836 992
838 27
838 109
838 213
838 395
838 414
838 572
838 579
838 847
838 883
838 912
838 973
840 34
840 58
840 98
840 116
840 377
840 409
840 412
840 491
840 516
840 587
840 849
840 917
841 862
842 203
843 4
843 100
843 167
843 625
843 686
843 898
844 57
844 205
844 210
844 394
844 689
844 826
844 999
845 61
845 461
845 473
845 536
845 854
846 51
846 244
846 665
846 847
848 480
848 518
848 655
848 801
848 948
849 5
849 161
849 184
849 207
849 542
849 603
849 692
849 712
849 903
849 979
850 21
850 29
850 214
850 314
850 358
850 364
850 657
850 712
850 743
850 828
850 906
850 922
850 978
850 987
851 3
851 114
851 385
851 737
852 108
852 151
852 224
852 263
852 312
852 332
853 27
853 38
853 55
853 56
853 210
853 636
853 678
853 786
853 826
853 955
854 629
854 687
854 898
855 41
855 49
855 65
855 78
855 215
855 390
855 446
855 481
855 563
855 893
855 998
856 205
856 415
856 489
856 576
856 613
856 622
856 643
856 842
856 975
857 95
857 160
857 350
857 523
857 606
857 932
859 56
859 254
859 257
859 513
859 563
859 691
859 728
859 922
859 982
859 986
860 490
860 532
860 896
860 983
861 575
862 313
862 414
862 442
863 293
863 716
863 788
864 116
864 217
864 384
864 405
864 434
864 544
864 609
864 639
864 715
864 867
864 873
864 928
865 258
865 280
865 305
865 762
865 958
866 190
866 483
866 561
866 783
868 126
868 178
868 287
868 299
868 331
868 369
868 520
868 536
868 720
868 789
869 312
871 197
871 254
871 307
871 576
871 619
871 890
872 356
872 787
872 797
873 147
873 180
873 232
873 255
873 256
873 383
873 388
873 419
873 437
873 444
873 874
874 104
874 142
874 147
874 296
874 366
874 529
874 534
875 89
875 184
875 190
875 445
875 562
875 621
876 194
876 314
876 403
876 453
877 413
877 485
877 560
877 837
878 55
878 316
878 352
878 438
878 996
879 210
880 16
880 222
880 297
880 487
880 719
880 752
881 99
881 102
881 155
881 185
881 422
881 491
881 569
881 694
881 935
881 956
881 994
882 182
882 287
882 448
882 834
882 992
883 10
883 11
883 78
883 80
883 109
883 415
883 711
883 820
884 91
884 305
884 482
884 831
885 74
885 99
885 361
885 374
885 959
885 967
886 948
887 50
887 388
887 656
887 709
888 45
888 398
888 797
888 992
889 75
889 244
889 267
889 366
889 749
889 947
891 178
891 224
891 778
891 879
891 972
893 249
893 304
893 355
893 383
893 417
893 472
893 581
893 771
893 856
893 949
894 96
894 219
894 285
894 293
894 307
894 335
894 446
895 83
895 257
895 273
895 566
895 573
895 701
895 993
897 305
897 479
897 813
898 210
898 983
899 372
899 611
900 40
900 115
900 201
900 487
900 684
900 794
901 18
901 122
901 131
901 178
901 180
901 195
901 256
901 288
901 449
901 480
901 614
901 774
901 954
902 55
902 210
902 716
902 947
902 972
903 19
903 263
903 361
903 394
903 469
903 551
903 898
903 960
903 984
904 16
905 141
905 171
905 293
905 358
905 404
905 430
905 469
905 637
905 673
905 834
905 902
906 26
906 139
906 366
906 417
906 738
906 796
907 338
907 565
907 613
907 807
907 821
907 908
908 410
909 469
909 621
909 811
909 955
909 999
910 72
910 179
910 190
910 216
910 365
910 385
910 395
910 414
910 516
910 603
910 680
910 927
911 257
911 267
911 393
911 953
912 89
912 223
912 384
912 498
912 527
912 600
913 298
913 446
913 576
914 13
914 51
914 143
914 274
914 294
914 419
914 660
914 846
915 80
915 139
915 190
915 378
915 534
915 739
915 892
915 984
916 32
916 453
916 531
916 741
916 834
916 958
917 175
917 219
917 647
917 783
918 46
918 171
918 306
918 405
918 453
918 582
918 619
918 671
918 687
919 11
919 19
919 27
919 523
919 547
919 815
920 99
920 144
920 203
920 221
920 254
920 465
920 541
920 629
920 845
920 958
920 973
921 241
921 356
921 386
921 692
921 819
921 958
922 691
922 787
923 119
923 156
923 262
923 529
923 562
923 688
923 787
923 961
924 91
924 104
924 197
924 257
924 555
924 712
924 720
924 725
924 774
924 795
924 909
924 911
925 30
925 151
925 334
925 365
925 724
925 794
925 807
926 61
926 119
926 479
926 678
926 815
927 39
927 396
927 707
927 900
928 627
929 83
929 175
929 439
929 527
929 559
929 593
929 879
929 889
929 995
930 19
930 96
930 569
930 727
930 752
930 866
930 885
931 61
931 145
931 398
931 405
931 414
931 608
931 776
931 961
931 992
932 125
932 205
932 350
932 475
932 794
933 440
933 490
933 794
933 875
933 948
933 957
934 70
934 185
934 186
934 331
934 383
934 412
934 426
934 497
934 593
934 833
934 922
934 953
934 962
935 181
935 208
935 418
935 518
935 560
935 561
935 727
935 770
935 796
936 154
936 384
936 393
936 524
936 590
936 619
936 761
936 847
936 979
937 37
937 52
937 392
937 484
937 667
937 829
939 369
939 420
939 450
939 477
939 585
939 648
939 739
939 853
940 160
940 258
940 331
940 436
940 497
940 556
940 560
940 628
940 745
940 796
942 325
942 612
942 870
943 260
943 314
943 842
944 249
944 396
944 507
944 535
944 541
944 551
945 242
945 312
945 342
945 461
945 848
945 942
946 255
946 447
946 551
946 603
946 902
947 361
949 143
949 174
949 388
949 587
949 870
949 984
950 352
950 737
950 981
951 5
951 256
951 953
952 14
952 19
952 40
952 137
952 145
952 152
952 197
952 580
952 705
952 909
953 847
954 206
954 304
954 806
954 916
954 965
956 85
956 406
956 417
956 807
956 984
957 186
957 211
957 310
957 372
957 620
957 621
957 797
957 826
957 958
957 990
958 181
958 702
958 966
959 157
959 305
959 413
959 691
959 776
960 2
960 210
960 727
960 758
960 890
960 922
962 429
962 629
963 3
963 409
963 573
963 624
963 630
963 801
963 880
963 959
964 102
964 154
964 242
964 267
964 272
964 430
964 609
964 622
964 741
964 794
965 719
966 277
966 314
967 178
967 566
967 688
967 813
968 37
968 103
968 200
968 232
968 311
968 542
968 863
968 898
968 902
968 979
968 983
969 1
969 537
969 649
969 722
969 804
969 925
969 984
970 230
970 418
970 459
970 768
970 828
970 830
971 20
971 282
971 512
971 833
971 863
971 864
971 910
971 931
973 148
973 254
973 592
973 688
973 928
974 93
974 96
974 221
974 327
974 379
974 556
975 45
975 57
975 119
975 643
975 942
976 209
976 403
976 435
976 464
976 824
976 831
976 838
976 953
977 149
977 193
977 259
977 263
977 278
977 334
977 370
977 456
977 550
978 37
978 83
978 87
978 94
978 145
978 157
978 167
978 242
978 284
978 328
978 489
978 493
978 497
978 512
978 599
978 823
978 857
978 899
978 900
979 460
979 562
979 737
979 786
980 129
980 523
980 830
980 962
981 210
981 314
981 451
982 177
982 278
982 520
982 643
982 909
982 987
983 29
985 95
985 190
985 347
985 438
985 483
985 560
985 573
985 616
986 2
986 33
986 53
986 288
986 676
986 992
987 68
987 167
987 181
987 380
987 603
988 115
988 156
988 255
988 288
988 290
988 360
988 620
988 705
988 947
989 5
989 305
989 343
989 348
989 698
989 724
989 884
989 986
990 345
990 898
990 904
991 157
991 166
991 240
991 288
991 418
991 709
991 770
991 834
991 872
992 379
992 715
993 90
993 505
993 510
993 669
993 919
993 984
994 95
994 173
994 397
994 773
994 870
995 21
995 157
995 203
995 259
995 373
995 475
995 557
995 575
995 753
995 758
995 869
996 3
996 212
996 325
996 509
996 953
997 417
997 570
997 761
997 862
998 13
998 283
998 315
998 495
998 531
998 555
998 923
999 180
999 965
